11001111
11010000
00101101
11110001
01110011
11001000
10110001
10100110
01011010
11111011
01011010
01110000
10011110
01110010
00011010
01100100
00100001
01001101
01011101
01011101
11000000
10001010
00110001
00110011
10100010
10000011
01111000
10111100
01000101
10010111
00110101
00100101
00010001
11100101
00010110
01101100
00101010
00100011
10011011
01000000
01010100
11000010
10000111
00001110
00011111
10100001
00011000
10101011
00000011
00010011
00110010
00100111
00001001
10101001
00000101
10100000
10010001
00000110
00011111
00001111
11000001
10111111
00010100
00000001
11111000
11110101
11101111
11000010
00000001
00011101
10100000
01101010
01010010
01001001
11001001
10000010
10011101
00101101
01011011
00110101
11001010
00000111
11010011
11000100
00100000
11011001
11001000
10010100
00000001
11010111
00100101
01011011
01010011
10001101
00110010
11000101
01100011
10111010
10000010
10001011
10100010
11101110
11101111
00010011
11110001
11010111
11001100
00000010
10001111
11100100
01101011
00111010
01001010
00101101
10001110
00010011
00111110
11101100
01010101
10110011
00001001
01000000
01010100
00110100
11100100
01001110
00110110
10101110
01001110
11100110
11011100
10101010
10000100
11100011
11011101
00100101
00111001
11101011
11001100
11110110
01111101
10110010
10001010
01010001
10000110
11010001
01101011
00100010
01000010
10011100
11001111
01101010
01101100
00101010
01001001
11111101
10001011
01100111
00010101
01111110
10111011
00111111
11110110
00010101
01110010
00010000
11111001
00011111
00010101
10010100
10011101
01001111
00001001
10000011
00100101
01001010
11010110
11110101
01101010
10001101
10011000
11001101
11100001
11010011
00010010
01001001
10010010
01000111
00101110
11101101
11111110
10001110
01111110
01101101
00010111
00010101
00111111
10000100
11000001
10110101
01110000
01100111
00100000
01110111
10010011
10110000
11110000
00001111
00111101
00111100
11000000
00111010
01010011
01111101
01101011
01010011
00100100
11001101
01000010
01101110
10100110
00110101
11111001
00111000
11101110
11001011
01101000
10001101
10000000
11010101
01100110
10001011
00011000
00100111
10110001
01000100
11111010
00110110
00010010
01111001
01000010
00111000
11100001
00001011
00110101
11000011
11110111
01101100
11010011
10010111
10101111
11110010
11110011
00111000
10010110
10111110